{
	"P_loc": [0,388,826,1277,1721,2150,2558],
	"Q_loc": [12,449,893,1344,1761,2186,2627],
	"R_loc": [25,466,909,1355,1785,2208,2640],
	"S_loc": [36,481,921,1367,1795,2219,2650],
	"T_loc": [1,592,1034,1476,1906,2341,0],
	"Max_HR": 0,
	"Avg_HR": 40.15296367,
	"Min_HR": 300,
	"n_Beats": 6,
	"n_Irregular_Beats": 0,
	"Irregular_Beats_Percent": 0,
	"Avg_PR_Interval": 0,
	"Avg_QRS_Interval": 188,
	"Avg_QTc_Interval": 142.2857143,
	"n_Irregular_Beat_Episodes": 309.8737276,
	"n_P_Absences": 2,
	"n_P_Absence_Episodes": 0,
	"Irregular_RR_Episodes": {
		"_ArrayType_": "double",
		"_ArraySize_": [0,2],
		"_ArrayData_": null
	},
	"P_Absences": [826,1277]
}
